_viz_config[BG].pos=(0.46244921019040147, 0.24400667439673934)
_viz_config[BG].size=(0.1, 0.1)
_viz_config[BG].expanded=False
_viz_config[BG].has_layout=False
_viz_config[BG.gpe].expanded=False
_viz_config[BG.gpe].has_layout=False
_viz_config[BG.gpi].expanded=False
_viz_config[BG.gpi].has_layout=False
_viz_config[BG.stn].expanded=False
_viz_config[BG.stn].has_layout=False
_viz_config[BG.strD1].expanded=False
_viz_config[BG.strD1].has_layout=False
_viz_config[BG.strD2].expanded=False
_viz_config[BG.strD2].has_layout=False
_viz_net_graph = nengo_gui.components.NetGraph()
_viz_progress = nengo_gui.components.Progress()
_viz_config[_viz_progress].x = 0
_viz_config[_viz_progress].y = 0
_viz_config[_viz_progress].width = 100
_viz_config[_viz_progress].height = 100
_viz_config[_viz_progress].label_visible = True
_viz_sim_control = nengo_gui.components.SimControl()
_viz_config[_viz_sim_control].shown_time = 0.5
_viz_config[_viz_sim_control].kept_time = 4.0
_viz_config[action_node].pos=(0.9552822676639581, 1.3078004869658697)
_viz_config[action_node].size=(0.1, 0.1)
_viz_config[model].pos=(1.1265636041471216, 1.0153551762601642)
_viz_config[model].size=(0.39411118476323376, 0.39411118476323376)
_viz_config[model].expanded=True
_viz_config[model].has_layout=True
_viz_config[new_q].pos=(0.9033471065835944, 0.7436164157157871)
_viz_config[new_q].size=(0.1, 0.1)
_viz_config[new_q_stage_1].pos=(0.9012197075747927, 0.26585858279306596)
_viz_config[new_q_stage_1].size=(0.1, 0.1)
_viz_config[old_q].pos=(0.021612372695539325, 0.7345064942534059)
_viz_config[old_q].size=(0.1, 0.1)
_viz_config[old_q_stage_1].pos=(0.018415817589490686, 0.2127223445420773)
_viz_config[old_q_stage_1].size=(0.1, 0.1)
_viz_config[q_value].pos=(0.4579995051443998, -0.37024708177407983)
_viz_config[q_value].size=(0.1, 0.1)
_viz_config[reward].pos=(-0.9377974376997148, 1.1812774834354205)
_viz_config[reward].size=(0.1, 0.1)
_viz_config[reward_node].pos=(-0.9363459085034195, -0.46153998524739553)
_viz_config[reward_node].size=(0.1, 0.1)
_viz_config[state].pos=(0.4569555898270602, -0.8194807328893383)
_viz_config[state].size=(0.1, 0.1)
_viz_config[state_node].pos=(-0.9370532982358527, -0.8144727915531499)
_viz_config[state_node].size=(0.1, 0.1)
_viz_config[td_error].pos=(-0.7633020820320228, 0.5897315444519219)
_viz_config[td_error].size=(0.1, 0.1)
_viz_config[td_error_stage_1].pos=(0.4538116796129617, 1.2002950792671174)
_viz_config[td_error_stage_1].size=(0.1, 0.1)
_viz_config[thalamus].pos=(0.46121912613882754, 0.7416409392951454)
_viz_config[thalamus].size=(0.1, 0.1)
_viz_config[thalamus].expanded=False
_viz_config[thalamus].has_layout=False
_viz_config[thalamus.actions].expanded=False
_viz_config[thalamus.actions].has_layout=False